           N     time (s)        # ops  microsec/op
------------------------------------------------------------
        1000         0.00         1000         3.00
        2000         0.00         1000         3.00
        4000         0.01         1000         5.00
        8000         0.01         1000        10.00
       16000         0.02         1000        21.00
       32000         0.04         1000        40.00
       64000         0.08         1000        81.00
      128000         0.16         1000       161.00
