           N     time (s)        # ops  microsec/op
------------------------------------------------------------
        1000         0.00         1000         2.00
        2000         0.00         2000         1.50
        4000         0.01         4000         2.50
        8000         0.04         8000         5.25
       16000         0.11        16000         7.06
       32000         0.31        32000         9.72
       64000         0.99        64000        15.45
      128000         3.96       128000        30.94
