           N     time (s)        # ops  microsec/op
------------------------------------------------------------
        1000         0.00         1000         1.00
        2000         0.00         2000         0.00
        4000         0.00         4000         0.25
        8000         0.00         8000         0.00
       16000         0.00        16000         0.13
       32000         0.00        32000         0.09
       64000         0.00        64000         0.05
      128000         0.01       128000         0.05
